1
12
123
1234
12345
123456
1234567
12345678
qwerty
password
admin
123321
qwe123
123qwe
2
3
4
5
6
7
8
9
11
22
33
44
55
66
77
88
99
00
0
111
222
333
444
555
666
777
888
999
000
1111
2222
3333
4444
5555
6666
7777
8888
9999
0000
11111
22222
33333
44444
55555
66666
77777
88888
99999
00000
111111
222222
333333
444444
555555
666666
777777
888888
999999
000000
1111111
2222222
3333333
4444444
5555555
6666666
7777777
8888888
9999999
0000000
1111111
2222222
3333333
4444444
5555555
6666666
7777777
8888888
9999999
0000000