------
mobile
------
15874193477
13875847579
13054175576
13975123967
13548574148
13875905157
18981623669
15986966416
13723868290
13307316622
13548955202
13773142193
13308478408
13875930300
13548571805
13975173102
15874919105
13875833342
13755057850
18965848008
13348689920
13632761760
13637314684
15211066123
13974862497
15874996867
13873126746
13574836688
13517494358
13687362886
13807487853
13908465546
13508485164
13348615775
15608414705
15084915474
15116361663
15874252068
18689886104
15806447756
13528893860
13574822429
13687333231
13212621863
13574831294
18975892707
13859056732
15874950566
13469045535
15002729035
13701391347
13414083153
13438081887
15111022955
13786194075
13975804291
13776080506
15040079256
15874160516
13530668814
13592709510
13568866264
13495237375
13405634279
13511657643
13574834149
13787124144
13348619153
13974999732
13707817810
13554370006
13480600749
15922729520
15910690840
13414083153
13700873601
13548615882
18684695672
18911390703
15116221532
15084913274
13866788819
13524652225
15007310116
15210589402
13591557616
18975119846
13017311623
13901589931
13507318297
18967858811
15802554483
15073151233
15116152010
18997982685
13873120034
13701922760
13450356623
18673188640
15574846472
13873112171
13715828380
13811609492
13467615200
13007490206
13549649844
13780102815
13879186208
15886312653
13787085540
15802682744
13548943883
13795381408
13077300638
15084899525
15200825342
13167039810
13873188679
13975196166
13574811011
15608404439
13911902171
13975199744
15951888118
15921336794
13621388707
13910894618
13918018078
13992831820
13387562036
13952031846
13348619911
13818710806
13838536576
13609779734
13560006160
15010672712
18611237216
18991815586
13886193633
13773675877
13817182882
15900858452
13975892301
13916100127
15901323163
13476038298
15265775755
13728775627
13810135348
13132096944
13786128026
13700112445
13502098656
18611799285
15029991228
13787116654
13207538229
15336111090
13787034928
15884578300
15029981994
13220589669
15191419529
18665067782
18928469116
13522940811
13910900727
13662595219
13609268756
13397644820
15874809931
13913957897
13328225704
18606999370
13552600879
13565657456
13286842561
15822040486
15980770309
13810824534
15920179371
13738282184
13138666347
13648050416
13953331073
18926006206
13820000623
13482490779
13342430698
15104521857
13572247759
15244591115
15095839507
13838041664
13671074540
18978329891
13811439793
13710318315
15040132883
13718657257
13671066486
15251705105
13466361966
18217126228
13400617918
15131105670
13810139747
15249206834
15260226263
13667274354
13764555627
13600198324
13512091569
18665703030
13032931954
13873184775
18964356410
13003668379
13787798367
13545911496
18802108655
13018033278
13821588964
15980151078
13951978701
13605170077
13798383152
13504990354
13986225881
13469078404
13893472251
13891806847
13998530199
13980708534
15210572430
13501310312
15866629607
13752430397
13786308212
13982229899
13813669156
13663836682
13636920755
15811126482
13787034453
15210568089
13955162970
13599348289
13869832016
13520417093
13864855165
13853203001
13898328732
13786113567
13674665490
15960282230
13600897817
13636548689
13426460440
13901186441
15111196864
13305319738
13487490330
13825481464
15846529066
13386265747
15966582806
13598838988
15001305846
18006942029
15835708188
13838428025
15046587137
13520918163
15964068512
13974925283
13874867992
13820872442
13506112730
13526539281
13581725297
13754817156
13723891642
15868452721
13867005988
15531605918
13557833505
15873120831
13671812926
13574886262
18973122945
13784060547
13637415199
15805600936
15250005298
18611730332
13752375516
15201930507
13910567376
15810712886
15326539966
13755115899
13556110047
13918521642
13983093071
15197018612
13862420843
13920417075
15815504421
13811013976
15084850238
13399822019
15274897277
13401051911
13522494911
13651666363
13532731231
13809858489
13424837775
15952020541
18703636393
13974916830
13802556448
13810226871
15960803609
13379332022
15859292772
13960758218
18911383397
13913880881
13685791915
13752068107
15088688023
15088783883
13837606665
13332930653
13665132877
13007314420
13707155680
13644118136
13951756390
18905963350
15098871843
13737393337
13649298810
15874025282
13913211269
18669799878
15098500311
13524759519
15221881419
13081885756
15874873452
15950556593
13752690124
15195961989
13426386125
18674886682
13802231689
18674885338
13910088623
13964812757
15874871262
13550144364
13370801151
13348615032
13755060563
15874005266
15926465055
18673128003
15810207020
15041029211
13908869000
13188695479
15989089483
13933540381
13598880890
18797189767
18688976016
18711165128
13272499800
13969619902
13469453553
13574135549
13880077418
15651936085
13973392108
15969680756
18923738043
13389003721
13708234524
13637402936
13875958195
18962186914
15973750637
13829285603
18889751995
13813950560
18762321865
13656470175
13637316600
13820220573
13268276767
13665695941
13580544778
13308638233
13984018714
13883911209
13723875164
13662051202
15155191097
13871044570
13662188445
13951026735
13729437296
13548983690
13615159511
15982032031
15902233405
13827721707
13816209570
18711108530
13868106411
13607441254
13954212568
13603555423
13631451033
13702957501
13974851672
13629262977
13362693537
13838582225
18605328310
13467573887
15072349258
13187317325
13605183411
13924966523
13974940526
13850189715
13851550861
15871465264
13799790745
13717755501
13952196362
13480220881
13407156457
18607914173
15887870013
13723860568
13467005812
15158933402
13975868854
13913880630
13978740913
15007642960
13671580050
15900654661
18601137802
18639076626
13910245695
15841120811
15120992766
18710015176
15810995667
13488713261
13773668811
13611996536
13923275598
13844704449
13808009044
13541232282
15104635191
13753112873
13475955642
13880240411
13302430339
13696369995
13674317536
13871852114
13628664097
13720569597
13469431081
13522270588
15601320416
13301327977
15046678576
13907095251
13548781521
15822888047
13968049978
13880383905
13507405402
18610191068
13855166891
13936451697
13884585990
13584389601
15810539198
13889331508
13657885055
13640480905
18620367039
15874099373
13644032713
15010670663
13908453164
18684643920
13610083546
13867859498
15899951710
13795497637
13805002221
13278873187
13457465835
13612911663
15861489447
13755087554
13820145155
13871371765
13958198558
13928180173
18710042155
15522897680
13645251172
13603057705
13980742490
13811966762
13667444914
15890060721
18711194251
13013790976
13772416192
13971191702
13701671313
13275936188
15889827758
13202038132
13602897820
13637080228
15966878633
13516194426
18980847132
18766809086
13816545763
13632413499
13718585785
13439009846
15289363654
13820746266
13272018698
13933960102
13706406792
13927331011
15846380211
15071310343
13623412248
15810947003
13761051927
13904012532
18981879949
13910264255
13213195926
13994266946
15810938896
15953249253
13875865135
13266602044
15116446280
13962512029
13982200853
13681584564
13402859107
13219326360
13790509656
15874816031
15123323982
15142587316
13917858737
18981190228
13889354479
15210619286
13910912012
13772365859
13672076793
13851810710
15802562156
15811575539
15005183239
13820233173
18640810503
13761913872
15901105081
13671539369
15108239163
13813551807
13787291391
13656240337
13787210768
13708481317
13918826726
13388191023
13540756522
15011818542
13818280864
15084998804
13686841530
15976454513
13681576617
13787049011
13381117335
13866721707
15359333113
13548644320
15974267048
15280783021
13515648785
13798685012
15903460692
15612609546
13343165921
13316316377
15361498590
13951930669
13548573675
13811437429
15228189804
13931133327
13540862105
13834647790
15259108898
13787058178
13864875555
15074949950
15898523590
15671132642
13133216400
15926274632
13875801556
18943929753
13875593091
15274961653
13600860039
13161057146
15116200542
13752331104
13720792839
15258787819
13834564273
13875093001
18795323083
13917962968
15084780241
13599046672
13602225653
15309885557
15016711836
15201090249
18980048520
13910071451
13786116938
15821436115
15035143746
13548734987
13735456211
15116425050
15084744938
13592550930
13711390839
15063208268
13975882601
13618488074
13918994447
13866168291
15104617598
15074927327
18905946956
13632050922
13710107232
15151650327
13789866087
15116425790
13975332044
18911295695
18606051682
15010312175
13901617991
13994278400
13517235179
18621857835
13874906834
13751068045
13519218013
13803028693
15890125160
18611069608
13811531395
13644912348
13717923744
15320455705
15064136947
18608414058
13876061176
13851563092
13548631385
13656024258
18660797917
15973158133
15850533193
13646214735
13854295058
15074941407
13792906044
13017292993
13786161065
13723778892
13787091166
13821985187
13507457676
13199409872
13752032206
13907313001
15001194482
13661828078
13761646360
13876008877
13810560161
13602532666
13671793122
13808497192
15801907186
13693411056
13966724171
13585780912
15800439031
15081833717
13641314021
15874248324
15806113603
15920037517
13755145769
13187003280
15024418168
13907497726
15802617177
13920212697
13512838323
15904269373
15200872399
13613862103
18674815482
15874039418
13508499932
18961445517
13574860334
13015327469
13875856008
13907317908
15319940276
13811175368
13357227606
13335396250
13875894184
13522329530
13517477395
13548585076
13424185073
18981919373
13912353922
13548792499
15010808487
13975149700
13574844567
13916958592
13524673219
15204504635
13677336152
15960203865
15043919889
15051985685
13916846236
15909911702
13875855443
13507461900
15513068350
13920396040
13627103720
13717940822
15123430640
15974236620
13625840653
15029064366
13770921865
13601331437
15073195962
18605718585
13577199850
18918368385
13627633753
13915960607
13795764311
13466619267
13073917755
15980377305
13851748103
13945272937
13472425936
15928099847
13666969877
13692254506
15874964623
13851649582
15925801525
13721653204
13933551123
15909686679
15074929966
15110126110
15319717362
15280447112
13566246460
13549660770
13973166323
13660524100
15022612040
13671998783
15573199312
15190200825
13916337375
13471716151
13725387640
15106186711
13510282163
15201593528
13601541599
15060386696
13564276596
15620071816
18853131522
13869823662
13815351936
13983764595
13548643193
13651430293
13842069033
13921888508
15881298706
13765848352
15967148947
13598868750
13246575853
15820979132
784555741
15850918813
13307485022
13920846742
13246359288
13601271481
13817879809
13920438302
15999948800
13966794909
15821636825
13621870693
15055979946
13776562451
15097481830
13920472267
13583997567
13898195983
14789783175
15877257055
15290395585
15022612040
13584050687
15288900901
15804661524
13723739008
15084731024
15013772400
13821332203
15215072290
13936305753
13501293536
18608403389
18621736763
15962157807
18975009444
15000426780
13061309061
13652125208
18607887706
15222128234
13917167818
15861699226
15960098282
15102904633
15245118753
15925622532
13889222107
15208942855
13055186318
15810974406
13588729273
15259255492
13937048830
13101382380
15848394653
13728785449
13378856426
13934586312
13550632150
13871506440
13410772896
15928667518
13973181691
13952507922
18950147059
13575483236
18974857977
13428753512
13869039212
13691584812
15074953629
18751909755
13170305689
15111134120
13893321300
13810337933
13574147719
18686511130
15874985058
13657480721
13764596752
13982274542
13788945662
13701509199
13552344013
13787050927
15063915576
13554917202
13756000219
18707446293
15874246540
13752659010
13437158675
15900291016
13338822790
13521498227
13790779106
13715284822
15017482917
13138208898
13665985072
13308638437
15817180100
13631223163
18961980017
13974974795
13077307368
13823672017
13651330918
13902950707
13532784129
15281073634
13520390347
13873198456
13952094654
13782622875
13203107008
13913286051
13631514525
13873113945
13952017528
13840189586
13411837866
18966917633
13811679007
13912809595
13061978077
15867110892
18974840888
13803087830
13951985008
13546545970
15059575535
13823361654
15900322536
15011517667
15080304740
18970913730
15501090126
15811272926
13811089399
15921399069
13580512248
15010009516
15091338197
15192486007
18766232969
13529439172
15214352522
13933813374
13996215517
15876539618
15146067183
15901821367
13724359889
13662255534
13751444061
13377969855
13549678446
15802593468
13574193902
18900731436
13809077130
13500524433
13720005538
13936348343
15001145446
13786190886
13957588054
15022046636
13066250666
13681408266
13665336339
18983059568
18641105152
15074933881
13632657745
18955220879
15905605026
13807488194
18796421742
15859227788
13520496742
13737053838
13820553680
13611814318
18750596059
15201556257
15011030637
13758137471
13007313746
13959855052
13974834915
13634100499
13963929865
15958009933
13593161871
18932436665
13687373747
15059128889
13787298266
13122876866
13918699418
18932436665
15874138835
15874138835
13175932326
13983822421
13522674456
15116161257
18684813171
13606063368
15084998703
15011536207
15900360214
13880883316
13282781303
15927206076
13787072608
18962176692
13637098880
13801362215
18763310527
13949016559
15158160059
15641316123
15504502788
18765858317
13549642293
13940047995
13452167180
13821048140
15233639863
13787131232
13786463332
13647475243
18964616985
15866588770
13407123343
18202227830
13067841797
13608327159
13820334301
13564841516
13813974731
15951838517
13918816769
13557042068
13574853328
18651269892
13810177692
15805317916
13427563786
15822878325
15202296675
13833112928
13933029165
18631419243
13983791509
13871157583
15862326330
13720738936
13681018036
15008057667
13645162559
13995648691
15215132240
13526619169
15191813680
13524604515
13667374236
13087311980
13702000501
13463113001
18651855608
13770751911
13808059629
18954832765
13056959202
18607374782
13994256107
15810456002
18774804684
13971199882
18911086269
15942497684
13017643996
13841011010
13504959154
13259769906
15084925202
15876587593
15995012300
15087021217
13399989840
15200362511
13556187267
15001202162
15168272868
13373060759
15974241810
13820123609
18950395805
15874932081
13123412345
13688154031
15100176765
13773373177
13422866026
15959991234
13851704549
15176869251
15951630772
15120677940
13541213687
13936091182
13975115565
15873152055
13584889872
13868371539
18601327733
13916675606
13730330600
13883308626
13612097560
15060136070
15111046352
13720036441
15026806190
15026493101
15922028834
13629044666
13891919465
13902150871
13512060778
13820638210
18674885033
15070853655
13795154319
18622262292
15153217116
15813875076
13637976707
13710733702
15957216181
13671534867
13971003937
13760782376
13707889071
13555971226
13416112848
18907628689
13481235122
13401113512
13510278712
13996330979
13874985200
13436982119
13526812003
13327213299
13478786876
13973177708
13775214500
18985576043
15222898361
13983392583
15200927774
13450090603
13801587933
18229700559
13995419768
13210542044
13776640689
15081188566
15280639693
13819107699
13164089382
15267857609
13307485363
13975194933
13680485505
18922222222
18608414260
13304712191
13678370619
13643811715
13451710229
15359135630
13913164508
13934644295
13606057920
15002383896
15210464758
18704072989
15102968315
18666181618
15002235496
15928740746
13812289001
13455426486
18974110277
13864458656
15928192604
13863162031
15969813057
13602629489
13951585942
13480690820
15133699235
14704225955
15501376372
13667917618
15195676752
13814119313
18963651801
18691232347
13874854657
13456367529
13102963859
15285932511
13426725846
13301121138
18911883585
15210601959
18260112505
15165025583
18610280809
13505310717
13640580971
15011301861
15111045057
13893867692
18985126727
13407900999
13825747303
15150584922
13799367849
13908687470
13391122348
15111085898
15151550927
13689512130
13618628243
15215065503
15827399181
13920571036
18930960207
13785676189
13801436095
13974850174
13467692588
13607694467
13524555105
13552707097
15511681752
13379217596
13627429574
15862327630
13820579101
15900600442
13019613332
18262024955
15027386520
13637420020
18280340102
13826478029
13813996518
15829771907
13652187330
15801320792
13917880332
13308192212
13590494936
13992841685
13550725710
15011211943
13864071335
13636492816
18669750151
13524400557
13840905957
15116197217
13974854766
15336861522
13469043454
15901259419
13686194150
13998552752
13824665418
15021383068
13821386924
13844949480
13618287095
15846343011
13973574037
13523510502
13121774166
15363397212
13622179369
15501006377
13675891776
18774939951
13969783612
13718498886
18635657766
13555999601
13755152485
13574882071
13924000166
13805174598
13402501370
13786198913
13552977331
13912129969
18908022798
18652037070
13480193530
13365119911
13676965652
13949007030
13996899176
13810580275
15223134462
15980600277
18968512081
13548559310
13805335383
13760180697
15884455933
15901770054
15019229768
15960277967
13606177674
13343071954
13511168630
13637477685
15956200503
15255132001
15937149087
13811228901
18980057003
13530867280
13701952505
15035101614
13787790047
13615695151
13430207771
13821027373
15123119810
13001209075
13156016158
13574877686
13591606117
13851663753
18669795696
15808769563
18684878902
15367902616
13873106648
15864335488
13763420468
15329308878
13505008580
13649120360
13554916645
15858296818
13709119950
13405127887
18705186114
13973185887
13609558867
13605135389
15988894377
15149649782
15843053336
13870203811
15377603637
13319599440
13773044156
13043289936
13657499706
18751903622
13454793132
13901322611
13837937532
13647932024
15921532186
13535539478
15001952092
13974996232
15940088803
13979163273
13512178735
13739057523
13880408741
13867851063
13914344816
13042255131
13901350765
18721662396
13100250736
13512067590
15211108548
13425548010
13667735007
13964044773
13911110205
13548590531
15869144833
18974816624
13983222711
18710312765
13552432187
15015843160
18620233835
13583302801
15874156901
13436598922
13650228088
13517492774
13973139722
13611046461
15164392192
13755106996
13188875902
13771763917
13570782850
13621664197
13911257081
15951944065
13656222082
13669265163
15210987534
13938658908
13469445780
13574876777
13505125109
13958084155
13019369643
13634379472
13752670937
13660286970
13320946831
15223421130
18754232365
15023164081
13548533447
18601775576
15930597578
18201533406
18601775576
13821722773
15522676508
15122298572
18259149757
13928980699
13021733110
13979125995
18811221640
18973157457
15296536358
15995280284
13799786692
13678686973
13750039799
15201418031
13874866630
18935380992
13870936665
13820419094
15079097286
15849874525
15801570912
13810800808
13973133948
13813368594
13755116232
13917852906
15820087869
13902468502
13524434465
13787247218
13622009036
13656562357
13860174916
13911993699
15026529109
15211095293
13776555531
13901897368
15064220351
13508478942
15029806320
13627415206
18975850678
13601303698
13652366311
13720052986
15909206080
15233571355
15211162929
13134113577
13971182638
13574187443
15001291627
13920688862
13940038266
13576087882
13785595195
13913821604
18291723834
15108928288
13718599610
13548692917
15959274830
18627269005
13917921628
13668020828
13633613025
13511020361
15970661498
13107419696
13875963981
13838869197
13604806138
18974967769
15989078900
15910887967
18729288775
13451809830
15116429340
15111452022
13910577828
15206590527
13402690858
13656261913
13683559987
15802520760
15234025281
13810334948
13771953644
13812896215
15152568289
13969859221
13650026487
13452956553
13315339234
15813387498
15253183799
13771576107
13308490944
13820884062
15910633050
15802197902
18611837815
13970018510
13754858282
13866641065
13760264879
13918398431
15974149659
15800890558
13099853073
13571850936
15195993403
13439535624
13434441019
18801951305
13738031814
13305197262
15972158732
13330112197
13522885680
13272235100
13873109921
13576052259
13969891194
13750641243
13909837935
15906612232
13788595595
13811986865
18611359715
13808057077
15377262401
13301812321
15116190025
13988004391
13633516111
15801802963
13330606050
13761456032
15270945977
15611100525
13982059169
13817128299
13581609937
18917114647
15851309512
13848349641
13836111243
13590480646
13501745967
13917527196
13262962607
13836124811
13518171845
18913973902
13552498421
13627212847
15805512252
13775553498
13810068616
15367839868
15296574319
13390595797
15850608957
13816770255
13636392432
15840696608
15994701321
13964139279
13855324692
13996223433
13811242756
13681008088
13522863544
13817019494
13564742287
18673105991
15178812396
13725299824
15158088184
13069046160
18601781158
13875882384
13018393216
13916223675
13986013601
13874182168
18900735033
15111166868
15803403535
13812522207
13474740008
13845088921
18910167770
15974271822
13928472056
13541068939
18666111228
13776000917
13506999711
13812664340
18796007643
13584806460
13699051035
15960237432
13971600625
15974253515
15874041969
15026220951
13602070724
13774260202
13759988670
15084997879
13507407496
13469047730
15084999869
15802567020
15084921876
15935624704
15810702219
13661812380
15802191600
15087135776
15084704875
13348710556
13816354393
13327219019
13487319365
18621118951
13786145567
18631431110
15010375756
13544933613
15044304637
13806154577
13570211512
13146259616
13436001392
13753177877
13602037221
13480273071
15111229969
13564104411
15904964507
18919603216
15855140523
15005158872
13319491891
13681848168
18908507389
15092223023
13973132102
15849325685
18704256665
13512765962
15867174912
13866662160
13761415130
13715384199
13918307296
13760209817
13489036487
13889224405
18635583449
15868463393
15062266676
15844089585
13683373663
18674816252
13637475964
15655173777
13854110826
13817270337
18610036976
15059293232
13756519131
13019511859
18904080136
13793274131
15061320982
13871260771
13532921698
18622065151
13650002480
13411832276
13821607652
15205172347
13217316110
15242828572
15295131969
13548697272
13851776424
13691562487
13628608495
13341020055
15181683550
13120382518
15801071246
13876190064
15802604319
13218173350
13810715045
13802443879
13625812215
13650703264
13435264324
13348610660
13524291267
13919407882
13703887280
15909294810
13467645704
15060741584
15033955869
13874891994
13205524353
13488693492
15958292515
15952917798
13975834576
13572018898
15259433417
13751514070
15907859041
15023156535
13531893015
15575192100
15868798045
13929954885
13722557365
15839879218
15801261139
15026812588
13855333424
13790048520
18980076933
18976507988
15152379589
13560392959
15854278780
13515663797
18952463991
15031516317
13798423046
13878843988
13540472378
15927097724
15999689184
15116216021
13422349591
13824362421
13574811918
13952852907
15001390137
13920096126
15996262136
13574124224
13554015208
13752743260
15201328039
13467568855
18964775972
13718661567
13521086339
13724054801
13590385120
15215015716
13811727698
13963989761
15281064040
13402003381
13771163221
13146830006
13632264880
13343166268
13661866510
13469063774
15070975485
13965076193
13651296052
13319531686
18635178876
13750350002
13818473198
13873122044
13548589086
13875844514
13419626248
13698953420
18965850708
13826489370
13487778886
13760786776
18623305229
15064060510
13521021339
15233599585
13342989916
13486494976
13939099130
13958173131
13488964496
13764943990
13615100966
13317490506
15054223787
13893031551
13875821167
13684083033
15900388345
15910648793
13752442050
13994209612
13485382908
13911312213
13006332095
13786199329
13916540485
18918656773
15042495904
15267525055
13980021397
13889231636
18916677762
13857146100
18662615866
13319529918
18939120881
13255570872
13755136323
15288425201
13917824785
13381769956
15210894699
15014620446
13818813043
13808514742
13787005315
13401320856
15122184613
15962160596
13512260213
13220323335
13873190466
15874085601
13820757819
18686073507
13589553670
15221037215
13874991860
13810739846
13427206880
13774271897
13473907434
15910626981
15930366400
13574170847
13810753258
13910658388
13674931869
13787019730
15367811059
15945079932
15966899163
13982109211
13912373869
15935016669
18971712535
13917425904
18608032223
13623632672
15820534050
13810296564
13798819858
13869897537
13333469091
13467588269
15151879079
13755172600
15201668297
15201226033
18660537715
13548736083
15155175629
13821987695
13739061447
15822379737
15898730380
13308485851
13996261897
13882928788
15885017060
13700089003
15120029671
13821809311
13800138000
13710042580
18714308619
15109220706
13980986797
13548593330
13524006895
13338980133
15226577765
13545185334
13585908780
13914715001
13013707466
15308408293
13809706696
13946128850
13920903053
13502158922
13657674102
13621316262
15898706596
18664933289
13708451698
13501840745
15874263774
13607435424
15060642090
15233399968
15091533637
13987368777
13630053700
15866257103
13787172623
13465874829
15879112479
15880256236
18686684864
13701941084
15811220727
15210685040
13911618873
13952118843
13801697806
13093758667
13516053124
15257531259
13810195136
15205024001
13931991826
13530361576
13644935421
15151939175
13570561843
18222057725
15084971031
13908461217
15848041234
15666317125
13548623388
13502095077
18722131387
13522448477
15874133033
15888352436
15207519480
18904085413
13537468323
13868074241
18928855067
13805328439
15202187987
15822920852
15869714113
13810270554
13616395101
13764350140
13637426340
13111978246
13828422297
13591821587
15850514527
15195994596
15019295587
15966646826
18917090348
13519781978
13932620622
18767192235
15004546990
13911012904
13811155400
13773179509
15201682406
15526705325
15062114761
13555885505
15971480995
18703650800
15800829497
15084918104
15104546169
15912453335
13969773548
13920211482
13918012376
13874857641
15074914676
18973135739
15838356699
15874212184
13975184064
13698987973
13353003933
15111109190
15363558690
13801716649
13638383993
15823284368
15923207024
15072492699
18678520160
15860664932
15159888968
13682011951
13817163874
13488108968
13698958065
15318909933
13810791526
13687676177
13850522221
13517084153
13912630337
13301912560
13818767707
18971336563
15367841381
13421826913
15122868047
13886155551
13373649687
13643826286
13220216618
13810950853
18623368885
15810351863
13609847964
13466640965
15111349072
13755094699
15922973523
13694959405
13808410222
13925008292
15848199161
18970948042
13810215595
13557869237
13560431953
13535500660
15191437458
15166358768
13604888628
18770037805
18974998444
18751848151
15065264092
15164575653
13665758242
15873178560
18673103040
13787113006
13424192362
13611669294
13181602520
13522403855
15594600635
15084828545
13998522647
15267121516
15184006496
13876780296
18787008044
13620888895
18611531937
13932023737
15031981608
15625010584
13646287314
15210315192
13683500095
13676986045
18766708278
18802400404
13879101909
13840041301
13840982962
13560179880
13505013620
13638388799
13202005963
18766571331
13555940339
13730911894
13509328079
15120009711
15966787802
13110250632
18008400321
13873198962
15242691968
15200339223
13699008930
18970032103
18710993126
13916432342
13701717176
15985888201
13755033716
13560111123
13855116946
15822127369
18922787020
13583533212
13956959686
13702144693
15651077223
13481890452
18273142088
15862311105
13656036101
18980854868
13875930362
15032714628
13664502176
13755106401
13548652343
15022333966
15882203772
13583410455
13974999659
15301189825
13657430918
18910782851
15350707728
13824828934
15205518505
13817209995
15973127229
18910182657
13659888980
15200227752
13077775234
15103038980
15803312006
13755058633
13578008858
13277789999
13876588891
13979867507
13568964787
13993183284
15861578182
15273183005
15013784736
13404148619
13708982046
15011438924
13863196855
15987341706
15246483531
13775612686
13760371022
13842557736
18731199008
13752008662
15910646590
13875953426
15840142069
15359237510
13574127505
13982132638
13770965897
13631402106
15874255308
13450380240
13538800418
18686016190
13612009202
13571904709
13658388330
13874805347
15810901086
13820720249
13973807407
15553702132
18605344474
13840374735
13901312955
13504907314
13501859995
13296688567
15898510625
18295099316
15084903450
13564852255
13687383845
18841628295
13621274014
13801077314
13605001671
15618004895
13922830920
15062813431
13429811322
15231011303
13875981887
13618655560
13512037948
13877101824
15927567467
15167397119
18660923360
15153875163
13963868836
13587056541
13823310296
15868220526
13919867629
13974957326
15966453525
15934784409
13661871491
15800874093
13787008889
13548950203
15932128820
18710685325
15171489987
15027121618
13868034197
18622017367
13787787894
13714308148
13875804157
13820239350
15960750579
13916760694
15874868654
18615763271
13730825372
13638684610
15108457489
15605986899
13681890708
18766206904
15825971535
15267089933
15937187071
18688778554
13880113528
13685167224
15972040853
13661164210
13402845520
15974205342
15973186646
18679128873
15248936428
18718923195
13574816731
15814013761
15841199120
13596667913
18654357086
13637094820
13811704156
13683669731
13480640456
15201694705
15608684688
13806037882
13502606243
13755115962
13675155679
15022517553
15295696532
13699562138
13942650503
13751065230
15099910473
13327411684
13599538235
15210857896
13853360466
15928174959
13914469721
18003011010
18751992093
15201939560
13810725133
13918829066
15214360688
15847967007
13821228949
13820682060
13910091959
13575460361
13665086586
13752037675
13998853006
18008411101
13685166115
13660072210
13524905389
18638118571
15999799399
18616399711
13661454751
15991779982
15088671931
13776992070
18674813134
13701667008
18851509023
15088506046
15040321443
13331889868
13629209442
15652196733
18703590752
15915238345
15154359239
13911598230
18933321088
13561659377
13516387169
13911370247
13549002223
13584357065
13017317299
13752179025
15884577712
13125181800
15018549501
13866135509
13405858880
14789731878
13600195608
13099084314
13412669845
13517237871
13529067095
13905016202
13757571736
15888027309
13712029213
15992612007
15210030836
13538768553
13364465527
18601787817
18950459250
13570286624
15991755730
13611941702
15827627393
13681899442
15116400480
18874732752
13162979791
13556566332
15370064659
13917862174
13917757070
13820451640
13528608108
13808626131
18636674252
15802325513
13317310166
13625713253
18663762898
15959210771
13709420091
15802198860
13276685500
13787106724
13467641306
13956221340
18689956170
18674856600
13650403720
18950182359
13909376705
15862821629
15074956508
15071438582
13961677827
13604416448
15072334730
15929219308
15104542491
13946747677
13573875251
13655982808
13918245674
15968753932
15080495607
15818598962
15061852212
18637623510
13975115702
13601646063
18915568918
13870083499
13560080942
13903469457
15578306155
13911621976
15898762100
13783630014
13543256362
13840603405
13516858430
13671837359
15094854259
13501821535
18269860662
15289898104
13377887237
13581994060
15071075682
13685929311
13805162499
18971098660
15858761689
13810718736
13104462308
13661017868
13880912765
13582126257
13636975867
15008717003
13657436081
13739053949
15872402295
15989500816
13151175881
13874997306
15260886964
13333113922
13967878433
13572464244
18761308628
15322883368
13702027266
15270903710
13906619718
13761613429
13326617114
13774676206
15952743766
15874918392
15074848128
13342027066
13651353365
15992474673
15881079827
15846535910
13818540664
18627086271
13875940400
13661017868
18910021535
13756885414
13482857671
15261824028
13917461909
15927120149
13625165002
13691575471
18653280733
13719933032
13832973732
13212612616
13821119555
15997463349
15810003720
18911818611
18700949722
13607446887
13628670931
18930497869
13851633327
15116442298
13110906018
13869121429
13428410164
13428734374
18048109009
18971241336
18971241336
13466609795
13641340484
15913112885
13855918990
15001292388
13573101605
13821761275
13439860023
13176675117
13856239387
15057371106
13793187766
13920307056
13507414608
15310640616
13966679437
18933508806
13700687887
18664988577
18650167499
15134199903
13485377145
13920003496
13001351329
15838525827
13478913246
15874285386
13739061565
13183003331
18958070150
18983100086
15840216821
15121116307
13581682711
13146665964
13588243081
15869163815
15533733708
18952022046
15373638660
15995834612
13726181919
18674832520
13875808885
13480968750
13801852372
13696502549
13763309534
13272429909
13942257012
13880051011
18965025289
13813085602
15066730878
13642344348
13773168620
13707483669
15966679697
13060254204
13910578943
13727697590
13940406156
13483740673
13488874160
13358026668
13990600250
15902178483
13999981346
13203143138
13621315934
13760352353
15222069920
18729220344
13649512656
13667385776
13817931884
13814067702
13874991928
15211142733
13876956582
15159810800
13371972280
13891888077
15928808165
13881195177
13801633844
15201291329
13859119422
18688719353
13699224602
15195843776
15809264153
15975453471
15824898987
13331922918
18687166092
13737260850
18862161977
13588156890
13701865143
15956926673
13998519871
18274829631
15995729850
18785123458
13804941301
18918376600
13621699613
13392523796
13400696516
15262686018
13520777060
13664434776
13921502880
15261652275
15542566318
13611585948
15802568937
18655108060
15827480528
13361220067
15186634320
15168366909
13083062056
15838005220
15626019805
15203364992
15511370728
13246668289
15120886096
15861445853
13873110336
13560393786
13766881468
13911718148
15611576224
15017542697
15246669579
15066671130
15151836257
13911204988
13820668022
15659183933
13429162155
15915757667
18643220371
13476811572
13588725672
18975857758
15932792515
13372620313
13832604158
13918891782
15942303047
13607312014
13466579106
13790537087
13549680960
15869039026
18991109866
15101073545
13842648594
15553422746
13650521343
13752709329
18696555753
15185084004
15165415811
13956922322
13616531140
15211056596
13642135364
13686198699
13399409595
13832357602
18651953986
13424400660
13867495946
13001096573
15850140081
15267851876
13430499146
13660006858
18957607902
15133924006
15067466317
15940411896
18663765752
15365312316
13965016966
13987140406
15901973558
18641308959
13457341230
13809040040
13439630024
14789792605
13617192555
13643457605
18202079256
13607445533
15010964089
15925825893
13400748731
13816208524
13478579123
13627320883
13873116948
13810536322
15831277232
13721240911
13069729003
13905412162
18678896263
18621861231
15618805790
15010751608
15248941010
18647308688
18751971090
15980236387
13518206749
13480040116
15154153555
13799162678
13809435717
15244609300
13810547681
15025302840
13703576336
13707045093
13794468078
13811525555
13834969113
13611697942
13923669883
15874148797
18711026885
13581615252
13564663834
13111953109
13797031406
15222629079
15804831919
15367999318
13289167789
13513101110
13428389880
13754864599
18950157807
13115301850
13755790547
15842660977
18602205571
13610639727
13661546238
13817427968
13570847936
13795304279
13627204179
13810518168
13512031994
15298355158
15281065961
15858806353
15108284823
15901933612
13723438630
15837102676
15668393953
15588892931
18902188857
18773144848
18973138911
13974824982
13358056369
13666265865
13803521902
15981912527
13105513529
13575736366
13354802046
15010490708
15986642180
13984829143
13685513466
18605693205
13817562189
15821607301
13699209826
13507421091
13260081390
15988861051
15955133680
13870628220
13621817306
18674895388